T (K), h (J/kg)
300.00000 -861.39279
310.00000 3874.38757
320.00000 8669.11810
330.00000 13524.41799
340.00000 18442.21552
350.00000 23424.75614
360.00000 28474.61715
370.00000 33594.72795
380.00000 38788.39488
390.00000 44059.32822
400.00000 49411.66809
410.00000 54850.00310
420.00000 60379.37220
430.00000 66005.23544
440.00000 71733.39275
450.00000 77569.82534
460.00000 83520.43279
470.00000 89590.65003
480.00000 95784.98605
490.00000 102106.94955
500.00000 108559.88311
510.00000 115148.25263
520.00000 121878.96506
530.00000 128762.53636
540.00000 135814.17476
550.00000 143055.02157
560.00000 150513.83711
570.00000 158229.30869
580.00000 166252.65843
590.00000 174648.47447
600.00000 183486.86347
610.00000 192813.21731
620.00000 202595.01328
630.00000 212705.03416
640.00000 219121.87112
650.00000 224781.55602
660.00000 230409.96364
670.00000 236012.42413
680.00000 241593.44033
690.00000 247156.85650
700.00000 252705.98497
710.00000 258243.70286
720.00000 263772.52690
730.00000 269294.67225
740.00000 274812.09921
750.00000 280326.55084
760.00000 285839.58369
770.00000 291352.59291
780.00000 296866.83330
790.00000 302383.43679
800.00000 307903.42734
810.00000 313427.73348
820.00000 318957.19920
830.00000 324492.59322
840.00000 330034.61705
850.00000 335583.91206
860.00000 341141.06560
870.00000 346706.61640
880.00000 352281.05934
890.00000 357864.84966
900.00000 363458.40669
910.00000 369062.11717
920.00000 374676.33826
930.00000 380301.40015
940.00000 385937.60844
950.00000 391585.24632
960.00000 397244.57648
970.00000 402915.84281
980.00000 408599.27204
990.00000 414295.07509
1000.00000 420003.44840
1010.00000 425724.57510
1020.00000 431458.62605
1030.00000 437205.76082
1040.00000 442966.12858
1050.00000 448739.86888
1060.00000 454527.11242
1070.00000 460327.98166
1080.00000 466142.59153
1090.00000 471971.04988
1100.00000 477813.45810
1110.00000 483669.91153
1120.00000 489540.49989
1130.00000 495425.30775
1140.00000 501324.41482
1150.00000 507237.89632
1160.00000 513165.82332
1170.00000 519108.26297
1180.00000 525065.27884
1190.00000 531036.93108
1200.00000 537023.27673
1210.00000 543024.36987
1220.00000 549040.26186
1230.00000 555071.00149
1240.00000 561116.63515
1250.00000 567177.20700
1260.00000 573252.75910
1270.00000 579343.33156
1280.00000 585448.96265
1290.00000 591569.68892
1300.00000 597705.54531
1310.00000 603856.56525
1320.00000 610022.78074
1330.00000 616204.22246
1340.00000 622400.91984
1350.00000 628612.90113
1360.00000 634840.19347
1370.00000 641082.82297
1380.00000 647340.81478
1390.00000 653614.19309
1400.00000 659902.98125
1410.00000 666207.20181
1420.00000 672526.87651
1430.00000 678862.02641
1440.00000 685212.67186
1450.00000 691578.83257
1460.00000 697960.52766
1470.00000 704357.77564
1480.00000 710770.59452
1490.00000 717199.00178
1500.00000 723643.01441
1510.00000 730102.64895
1520.00000 736577.92152
1530.00000 743068.84781
1540.00000 749575.44313
1550.00000 756097.72245
1560.00000 762635.70034
1570.00000 769189.39110
1580.00000 775758.80869
1590.00000 782343.96678
1600.00000 788944.87875
1610.00000 795561.55774
1620.00000 802194.01662
1630.00000 808842.26803
1640.00000 815506.32438
1650.00000 822186.19788
1660.00000 828881.90051
1670.00000 835593.44409
1680.00000 842320.84024
1690.00000 849064.10039
1700.00000 855823.23583
1710.00000 862598.25769
1720.00000 869389.17694
1730.00000 1129165.35057
1740.00000 1136844.96573
1750.00000 1144552.55353
1760.00000 1152288.60402
1770.00000 1160053.61845
1780.00000 1167848.10946
1790.00000 1175672.60126
1800.00000 1183527.62987
1810.00000 1191413.74325
1820.00000 1199318.65220
1830.00000 1207223.65988
1840.00000 1215128.66756
